Decimal Natural binary Hexadecimal Binary
00 00000 00
01 00001 01
02 00010 02
03 00011 03
04 00100 04
05 00101 05
06 00110 06
07 00111 07
08 01000 08
09 01001 09
10 01010 0A
11 01011 0B
12 01100 0C
13 01101 0D
14 01110 0E
15 01111 0F
16 10000 10
17 10001 11
18 10010 12
19 10011 13
20 10100 14
0000 0000
0000 0001
0000 0010
0000 0011
0000 0100
0000 0101
0000 0110
0000 0111
0000 1000
0000 1001
0001 0000
0001 0001
0001 0010
0001 0011
0001 0100
0001 0101
0001 0110
0001 0111
0001 1000
0001 1001
0010 0000
